X: -32.6833 THROUGH -26.116
Y: 1.06326 THROUGH 7.99082
